1075610686757019759
1075614835737378816
1075614444685643776
1075616767080149104
1075616976556273674
1075617655416963144
1075619705957666856
1075619715621322792
1075620041313239090
1075619830859841546
1075763823740461056
1075762857041461338
1075758398253051945
1075738002761977876
1075684440728145961
1075683894386499594
1075682766479433748
1075771345834622986
1075772918866378853
1075773508291923989
1075774698983522304
1075774690112569395
1075773675690795099
1075715014096338968
1075775020699222110
1075779077463613560
1075781283281633363
